7 1 3
7.0 1.0 2.9595
7.0 1.0 2.9444999999999997
7.0 1.0 2.8814999999999995
7.0 1.0 2.8559999999999994
7.0 1.0 2.8409999999999993
7.0 1.0 2.8304999999999993
7.0 1.0 2.8184999999999993
7.0 1.0 2.8079999999999994
7.0 1.0 2.7974999999999994
7.0 1.0 2.7719999999999994
7.0 1.0 2.7374999999999994
7.0 1.0 2.7119999999999993
7.0 1.0 2.6579999999999995
7.0 1.0 2.6264999999999996
7.0 1.0 2.6114999999999995
7.0 1.0 2.5814999999999997
7.0 1.0 2.5679999999999996
7.0 1.0 2.5559999999999996
7.0 1.0 2.5439999999999996
7.0 1.0 2.5289999999999995
7.0 1.0 2.5124999999999993
7.0 1.0 2.498999999999999
7.0 1.0 2.470499999999999
7.0 1.0 2.446499999999999
7.0 1.0 2.429999999999999
7.0 1.0 2.4044999999999987
7.0 1.0 2.3564999999999987
7.003628612640907 1.0 2.305629250346566
7.0053600903398054 1.0 2.2877127220841427
7.007325193481371 1.0 2.2713301591087407
7.013733846060994 1.0 2.234381827994688
7.016291261757155 1.0 2.221126277272178
7.019098069583195 1.0 2.2079212846622718
7.021789318714587 1.0 2.196226962188833
7.0250644083303255 1.0 2.1831302531362162
7.0281702368715555 1.0 2.1715391432207474
7.031469831288807 1.0 2.1600016965066065
7.039718817331937 1.0 2.131158079721254
7.047967803375067 1.0 2.102314462935902
7.05580434011604 1.0 2.0749130269898175
7.061991079648388 1.0 2.0532803144008036
7.068177819180736 1.0 2.0316476018117897
7.073952109410927 1.0 2.0114570700620433
7.078076602432492 1.0 1.9970352616693672
7.0863255884756216 1.0 1.968191644884015
7.089625182892873 1.0 1.9566541981698742
7.092924777310125 1.0 1.9451167514557333
7.096224371727376 1.0 1.9335793047415923
7.099523966144628 1.0 1.9220418580274514
7.1028235605618795 1.0 1.9105044113133105
7.106123154979131 1.0 1.8989669645991696
7.109422749396383 1.0 1.8874295178850287
7.112722343813634 1.0 1.8758920711708877
7.116021938230886 1.0 1.8643546244567468
7.12138377915892 1.0 1.845606273546268
7.127570518691268 1.0 1.8239735609572538
7.142006244266746 1.0 1.7734972315828876
7.154379723331441 1.0 1.7302318064048594
7.168815448906918 1.0 1.6797554770304932
7.1737648405327965 1.0 1.6624493069592818
7.18283872518024 1.0 1.6307213284953945
7.186138319597491 1.0 1.6191838817812536
7.189437914014743 1.0 1.6076464350671127
7.192737508431994 1.0 1.5961089883529718
7.197163124450919 1.0 1.5817767197658625
7.200895222890263 1.0 1.5703718330395928
7.205334922621233 1.0 1.5576227520413868
7.216992161111787 1.0 1.5283591433990074
7.227539186412765 1.0 1.5018825451035214
7.242527064472049 1.0 1.464257905420462
7.259180262315698 1.0 1.422452750217063
7.270837500806252 1.0 1.3931891415746835
7.276388566754135 1.0 1.3792540898402172
7.289711125029054 1.0 1.345809965677498
7.294707084382149 1.0 1.3332684191164783
7.300258150330032 1.0 1.319333367382012
7.305254109683127 1.0 1.3067918208209923
7.311360282225799 1.0 1.2914632639130794
7.3174664547684705 1.0 1.2761347070051665
7.325793053690295 1.0 1.255232129403467
7.334119652612119 1.0 1.2343295518017674
7.353548383429709 1.0 1.185556870731135
7.370201581273358 1.0 1.143751715527736
7.389630312090948 1.0 1.0949790344571035
7.39573648463362 1.0 1.0796504775491906
7.407948829718962 1.0 1.0489933637333646
7.413499895666845 1.0 1.0350583119988983
7.417385641830363 1.0 1.0253037757847718
7.42182649458867 1.0 1.0141557343971987
7.426267347346976 1.0 1.0030076930096257
7.432109029558884 1.0 0.9891919502161644
7.440850926196353 1.0 0.970097991926176
7.45014884904817 1.0 0.9512685301536861
7.459994804777371 1.0 0.9327197524101632
7.486167169929905 1.0 0.8907047871915361
7.516144217796821 1.0 0.8494449204784138
7.532014419608718 1.0 0.8276014616302902
7.5434762320284205 1.0 0.8118256302399788
7.552293010812807 1.0 0.7996903753243546
7.559346433840317 1.0 0.7899821713918552
7.566399856867827 1.0 0.7802739674593558
7.573453279895337 1.0 0.7705657635268565
7.580506702922847 1.0 0.7608575595943571
7.587560125950357 1.0 0.7511493556618577
7.594613548977867 1.0 0.7414411517293583
7.601666972005376 1.0 0.7317329477968589
7.607838717154447 1.0 0.723238269355922
7.61930052957415 1.0 0.7074624379656105
7.629880664115414 1.0 0.6929001320668614
7.648515097523764 1.0 0.6693893283470862
7.661039024260707 1.0 0.6544427147143039
7.681252624787286 1.0 0.6322749373392061
7.718209934426825 1.0 0.5971301331114514
7.753914329608998 1.0 0.5673400984576408
7.7656306005871745 1.0 0.5579737227249505
7.775127843962759 1.0 0.5506387129591142
7.783531130236859 1.0 0.5443430970404348
7.7932540855207355 1.0 0.5373100222827115
7.803093510832641 1.0 0.5304408367755764
7.8117901986656655 1.0 0.5245571626908809
7.821840535146171 1.0 0.5180004305300697
7.8307177423579 1.0 0.5123928292496636
7.839676204345473 1.0 0.506915972594865
7.85001787961253 1.0 0.5008291217941027
7.869757438759985 1.0 1.09003098284963104
7.898708792176253 1.0 1.07419371239773933
7.946083734130145 1.0 1.04827817893100746
7.990826734864377 1.0 1.02380239732353847
8.031621823769118 1.0 1.0014862435049638
8.044781529867421 1.0 0.3942874842086494
8.055309294746063 1.0 0.38852847677159785
8.065837059624705 1.0 0.3827694693345463
8.076364824503347 1.0 0.37701046189749476
8.08689258938199 1.0 0.3712514544604432
8.098736324870462 1.0 0.36477257109376027
8.109264089749104 1.0 0.3590135636567087
8.118475884017917 1.0 0.35397443214928864
8.138215443165372 1.0 0.343176293204817
8.157955002312827 1.0 0.3323781542603454
8.186906355729095 1.0 0.3165408838084537
8.232965327073156 1.0 0.2913452262713533
8.275076386587727 1.0 0.26830919652314716
8.315871475492468 1.0 0.2459930427045725
8.330347152200602 1.0 0.23807440747862665
8.342190887689075 1.0 0.23159552411194367
8.354034623177547 1.0 0.22511664074526072
8.382985976593815 1.0 0.20927937029336902
8.393608752329804 1.0 0.20369755735643952
8.404323556803561 1.0 0.19829450589553888
8.42472211551409 1.0 0.18879983357190877
8.442618330714927 1.0 0.18105544970453055
8.463538301647413 1.0 0.1727726472691253
8.487566732667934 1.0 0.16423540516807297
8.50899444063423 1.0 0.15737221849487773
8.540852034715728 1.0 0.14876444878731113
8.567164260280967 1.0 0.14270913824167783
8.580375102489361 1.0 0.13992999302328443
8.595115265687658 1.0 0.1371501389106397
8.606943000829446 1.0 0.1351241375740869
8.623265994323335 1.0 0.1327137676028071
8.650106028069606 1.0 0.12977904640668408
8.67553754723883 1.0 0.12791147237992948
8.695016851050529 1.0 0.12701329477413287
8.72051545286935 1.0 0.1267462642791686
8.746007399696074 1.0 0.1273870817129737
8.777432193646453 1.0 0.12956247252297748
8.808730949927833 1.0 0.13311744864649214
8.844251643919316 1.0 0.13897238659350794
8.892420020212931 1.0 0.15037666321399917
8.90694092294725 1.0 0.15413743225509352
8.941293574773836 1.0 0.16490290077631264
8.95268272851372 1.0 0.16868273901217629
8.964006954787301 1.0 0.17265286486720288
8.9752630745576 1.0 0.17681216381254092
8.98505776661927 1.0 0.18059554952074297
8.996177685436841 1.0 0.18510635936939002
9.005848705392264 1.0 0.18919553691772553
9.015458737704783 1.0 0.193426054492719
9.03442248571504 1.0 0.20244693368509498
9.05311361415443 1.0 0.21201990175472848
9.101620299616728 1.0 0.24195485566252234
9.159884882393246 1.0 0.28675985977900703
9.172729510369102 1.0 0.2971167672403036
9.197437414814527 1.0 0.31899185484963116
9.207374725490643 1.0 0.32812968044034707
9.230611301417943 1.0 0.3515617426452586
9.238917019504388 1.0 0.3602228653824389
9.247076460049056 1.0 0.36902192953710966
9.255087332461619 1.0 0.3779564649581409
9.261981482897024 1.0 0.38587610445587
9.27437975515495 1.0 1.00092711256225166
9.28900996058074 1.0 1.01995228244846183
9.300471773000444 1.0 1.0357281138387733
9.312311874923816 1.0 1.05307204610467433
9.335982300756209 1.0 1.0930965503603577
9.359325647663418 1.0 0.5401214177729269
9.37626652607795 1.0 0.5801870718739648
9.382340581197248 1.0 0.595528383891121
9.38707279451983 1.0 0.6081718073622215
9.391090320214442 1.0 0.6194793043130558
9.39581511800927 1.0 0.6337157464879102
9.398976024266828 1.0 0.6437286717163804
9.402396255416468 1.0 0.6552309331845889
9.407443226795968 1.0 0.6740664867972257
9.412581121373456 1.0 0.6959720121118718
9.41841881501001 1.0 0.7269263548282943
9.424343775215869 1.0 0.7790909486305947
9.429591597112486 1.0 0.8252938745697751
9.43230015034945 1.0 0.8491405460222553
9.434162280699862 1.0 0.8655351326458355
9.438225110555308 1.0 0.9013051398245557
9.43957938717379 1.0 0.9132284755507958
9.443642217029236 1.0 0.948998482729516
9.444996493647718 1.0 0.9609218184557561
9.447197193152752 1.0 0.9802972390108963
9.449228608080475 1.0 0.9981822426002565
9.451260023008198 1.0 1.0160672461896165
9.456338560327504 1.0 1.060779755163017
9.459047113564468 1.0 1.084626426615497
9.461755666801432 1.0 1.1084730980679771
9.466495634966119 1.0 1.1502047731098175
9.46818848073922 1.0 1.1651089427676176
9.472251310594666 1.0 1.200878949946338
9.473774871790459 1.0 1.214292702638358
9.475298432986252 1.0 1.2277064553303783
9.476652709604734 1.0 1.2396297910566183
9.477837701645905 1.0 1.2500627098170785
9.479191978264387 1.0 1.2619860455433185
9.480546254882869 1.0 1.2739093812695585
9.483085523542522 1.0 1.2962656357562587
9.485624792202175 1.0 1.318621890242959
9.48901048374838 1.0 1.3484302295585593
9.491045753612557 1.0 1.402391861081151
9.490043674206396 1.0 1.4458803174444637
9.489176929931428 1.0 1.4638594373996174
9.485638933605516 1.0 1.4996851625422831
9.483194935551012 1.0 1.5190313992179154
9.481003690122575 1.0 1.5338704842123603
9.473591539858358 1.0 1.5706306532606749
9.47102289871019 1.0 1.5823525167068997
9.465518711883675 1.0 1.6041688850430553
9.452875086853446 1.0 1.6442205859569363
9.44519860022795 1.0 1.6685376900832212
9.436167439492072 1.0 1.6971460478788505
9.429845626976958 1.0 1.7171718983357909
9.415847327836348 1.0 1.7615148529190163
9.40094591262215 1.0 1.8087186432818045
9.396430332254212 1.0 1.8230228221796192
9.38559293937116 1.0 1.8573528515343742
9.381980475076809 1.0 1.868796194652626
9.37746489470887 1.0 1.8831003735504406
9.370239966120169 1.0 1.905987059786944
9.355790108942765 1.0 1.9517604322599507
9.341340251765361 1.0 1.9975338047329574
9.332309091029483 1.0 2.0261421625285867
9.31921390796246 1.0 2.067624281332249
9.313795211520933 1.0 2.0847892960096264
9.308828073116201 1.0 2.1005238927972223
9.302506260601087 1.0 2.1205497432541627
9.296636006122766 1.0 2.1391451758213216
9.290765751644445 1.0 2.1577406083884805
9.286250171276507 1.0 2.172044787286295
9.282186148945362 1.0 2.184918548294328
9.274742162967188 1.0 2.2061514725572913
9.269484148164318 1.0 2.2201997208585142
9.252481606219007 1.0 2.2586043243247382
9.230154354471289 1.0 2.301095427268696
9.212654658419098 1.0 2.330827743661485
9.201476665187398 1.0 2.348605608193314
9.193228198604025 1.0 2.3611340877109166
9.174766377365001 1.0 2.3866568453310943
9.167571387743653 1.0 2.3962606010729224
9.157376704127662 1.0 2.4092343602031767
9.15076884002164 1.0 2.417394392798475
9.14306180818352 1.0 2.426592308880187
9.136200891841623 1.0 2.4345407569645303
9.128208749432412 1.0 2.4434920507096205
9.115886901525696 1.0 2.456613486003206
9.097780308003719 1.0 2.4745690219470284
9.076761184159011 1.0 2.4938160069784776
9.059698041065015 1.0 2.5084822657977472
9.040983435617962 1.0 2.523507695673831
9.021775924134305 1.0 2.5378976749165263
8.998305245101895 1.0 2.554064839966639
8.985776765584292 1.0 2.562313306550011
8.9730782909187 1.0 2.5702975874297973
8.96151625187493 1.0 2.5772667518811736
8.949824908923839 1.0 2.5840167518811734
8.9286499194894 1.0 2.595313646253141
8.907108326364005 1.0 2.605894750430869
8.885224317236343 1.0 2.6157481835635603
8.855960708593964 1.0 2.6274054220541148
8.836232182643188 1.0 2.634601619925881
8.810536238535935 1.0 2.642891279535111
8.787461345107653 1.0 2.649490468369615
8.740531264795258 1.0 2.659568541691051
8.706490599720087 1.0 2.6651795238902745
8.666221417709009 1.0 2.6694972756384225
8.651306905853055 1.0 2.6710964429525514
8.618494979769954 1.0 2.674614611043635
8.605071919099595 1.0 2.6760538616263507
8.593140309614832 1.0 2.677333195477654
8.581208700130068 1.0 2.6786125293289573
8.5707685418309 1.0 2.6797319464488476
8.558836932346136 1.0 2.681011280300151
8.536465164562204 1.0 2.6834100312713445
8.496195982551125 1.0 2.6877277830194926
8.446978093426473 1.0 2.693005035156118
8.417149069714563 1.0 2.6962033697843757
8.39179439955944 1.0 2.698921954218395
8.34555941280598 1.0 2.7038793728921946
8.33213635213562 1.0 2.7053186234749105
8.320204742650857 1.0 2.7065979573262138
8.309764584351688 1.0 2.707717374446104
8.29932442605252 1.0 2.7088367915659943
8.288884267753351 1.0 2.7099562086858846
8.276952658268588 1.0 2.711235542537188
8.260546695227037 1.0 2.71299462658273
8.245632183371082 1.0 2.7145937938968587
8.232209122700723 1.0 2.7160330444795746
8.211328806102387 1.0 2.718271878719355
8.19044848950405 1.0 2.7205107129591357
8.145704953936185 1.0 2.7253082149015224
8.099469967182724 1.0 2.730265633575322
8.050252078058072 1.0 2.7355428857119475
8.02788031027414 1.0 2.737941636683141
8.012965798418186 1.0 2.73954080399727
7.971205165221512 1.0 2.744018472476831
7.953307750994367 1.0 2.7459374732537856
7.93242743439603 1.0 2.748176307493566
7.913038568983288 1.0 2.7502552250019336
7.884700996456973 1.0 2.7532936428987784
7.857854875116255 1.0 2.7561721440642106
7.825042949033154 1.0 2.759690312155294
7.787756669393267 1.0 2.7636882304406165
7.744504585010998 1.0 2.76832581565159
7.693795244700751 1.0 2.7737629845196285
7.680372184030391 1.0 2.7752022351023444
7.663966220988841 1.0 2.7769613191478864
7.643085904390504 1.0 2.779200153387667
7.60132527119383 1.0 2.783677821867228
7.58491930815228 1.0 2.78543690591277
7.561056089182752 1.0 2.787995573615376
7.561056089182752 1.0 2.787995573615376
7.561056089182752 1.0 2.787995573615376
7.561056089182752 1.0 2.787995573615376
7.561056089182752 1.0 2.787995573615376
7.561056089182752 1.0 2.787995573615376
7.561056089182752 1.0 2.787995573615376
7.561056089182752 1.0 2.787995573615376
7.561056089182752 1.0 2.787995573615376
7.561056089182752 1.0 2.787995573615376
7.561056089182752 1.0 2.787995573615376
7.561056089182752 1.0 2.787995573615376
7.561056089182752 1.0 2.787995573615376
7.561056089182752 1.0 2.787995573615376
7.561056089182752 1.0 2.787995573615376
7.561056089182752 1.0 2.787995573615376
7.561056089182752 1.0 2.787995573615376
7.561056089182752 1.0 2.787995573615376
7.561056089182752 1.0 2.787995573615376
7.561056089182752 1.0 2.787995573615376
7.561056089182752 1.0 2.787995573615376
7.561056089182752 1.0 2.787995573615376
